290 0.9602649006622517
291 0.8888888888888888
293 0.6592797783933518
294 0.9259259259259259
415 1.0
416 0.9456521739130435
417 0.9645390070921985
418 0.9196787148594378
553 0.34615384615384615
554 0.8260869565217391
555 0.5897435897435898
556 0.8064516129032258
557 0.6296296296296297
558 0.7741935483870968
560 0.4
599 0.8010204081632653
601 0.9019607843137255
602 0.4444444444444444
603 0.5754716981132075
604 0.8317307692307693
605 0.75
606 0.945179584120983
607 0.956140350877193
608 0.7931034482758621
609 0.9788359788359788
610 0.8795180722891566
612 0.9607329842931938
613 0.9112903225806451
614 0.8434065934065934
